m = 0.5629778277116556
b = 37.36332648769955

